(48,0.000000000000,0.000000000000,5.0005e7,49975.0,48,34.0,55.0,89.0)
(48,0.015625300000,0.015625300000,5.0005e7,49975.0,48,34.0,55.0,89.0)
(49,0.000000000000,0.015625300000,5.0005e7,49975.0,49,34.0,55.0,89.0)
(8,0.000000000000,0.015625300000,5.0005e7,49975.0,8,34.0,55.0,89.0)
(40,0.015626800000,0.031252100000,5.0005e7,49975.0,40,34.0,55.0,89.0)
(50,0.000000000000,0.031252100000,5.0005e7,49975.0,50,34.0,55.0,89.0)
(10,0.015623000000,0.046875100000,5.0005e7,49975.0,10,34.0,55.0,89.0)
(41,0.000000000000,0.046875100000,5.0005e7,49975.0,41,34.0,55.0,89.0)
(60,0.000000000000,0.046875100000,5.0005e7,49975.0,60,34.0,55.0,89.0)
(7,0.015626500000,0.062501600000,5.0005e7,49975.0,7,34.0,55.0,89.0)
48:	 
48:	 ################################################################################
49:	 
8:	 
40:	 ################################################################################
50:	 
10:	 ################################################################################
41:	 
60:	 
7:	 ################################################################################
